<svg xmlns="http://www.w3.org/2000/svg">
<symbol id = "cube" viewBox="0 0 21 21" fill="none" >
  <g clip-path="url(#clip0_51_1103)">
    <path d="M10.0801 0.971252L1.12884 4.23938C0.961494 4.28203 0.840088 4.45266 0.840088 4.62V15.6188L10.0801 12.3113V0.971252ZM10.9201 0.971252V12.3113L13.4401 13.1906V6.12938L17.2201 7.52063V14.5294L20.1601 15.5794V4.62C20.1601 4.45266 20.0387 4.28203 19.8713 4.23938L10.9201 0.971252ZM7.56009 5.88V10.1194L3.78009 11.5894V7.38938L7.56009 5.88ZM10.5001 13.0594L1.18134 16.38L10.3688 20.1206C10.4115 20.1206 10.4558 20.16 10.5395 20.16C10.5821 20.16 10.6674 20.1633 10.7101 20.1206L19.8188 16.38L10.5001 13.0594Z" fill="white" />
  </g>
  <defs>
    <clipPath id="clip0_51_1103">
      <rect width = "21" height = "21" fill="white" />
    </clipPath>
  </defs>
</symbol>
<symbol id = "4arrows" viewBox="0 0 19 19" fill="none">
  <path d="M1.89998 1.89998V6.83998C1.89855 6.94069 1.91716 7.04067 1.95471 7.13413C1.99227 7.22759 2.04802 7.31265 2.11874 7.38437C2.18945 7.45609 2.27371 7.51304 2.36663 7.55191C2.45954 7.59078 2.55926 7.6108 2.65998 7.6108C2.7607 7.6108 2.86041 7.59078 2.95333 7.55191C3.04624 7.51304 3.13051 7.45609 3.20122 7.38437C3.27193 7.31265 3.32769 7.22759 3.36524 7.13413C3.4028 7.04067 3.4214 6.94069 3.41998 6.83998V4.49467L7.63263 8.70732C7.70266 8.78026 7.78655 8.8385 7.87936 8.87861C7.97218 8.91873 8.07207 8.93992 8.17318 8.94095C8.27429 8.94198 8.37459 8.92283 8.46821 8.88461C8.56182 8.84639 8.64687 8.78987 8.71837 8.71837C8.78987 8.64687 8.84639 8.56182 8.88461 8.46821C8.92283 8.37459 8.94198 8.27429 8.94095 8.17318C8.93992 8.07207 8.91873 7.97218 8.87861 7.87936C8.8385 7.78655 8.78026 7.70266 8.70732 7.63263L4.49467 3.41998H6.83998C6.94069 3.4214 7.04067 3.4028 7.13413 3.36524C7.22759 3.32769 7.31265 3.27193 7.38437 3.20122C7.45609 3.13051 7.51304 3.04624 7.55191 2.95333C7.59078 2.86041 7.6108 2.7607 7.6108 2.65998C7.6108 2.55926 7.59078 2.45954 7.55191 2.36663C7.51304 2.27371 7.45609 2.18945 7.38437 2.11874C7.31265 2.04802 7.22759 1.99227 7.13413 1.95471C7.04067 1.91716 6.94069 1.89855 6.83998 1.89998H1.89998ZM12.16 1.89998C12.0593 1.89855 11.9593 1.91716 11.8658 1.95471C11.7724 1.99227 11.6873 2.04802 11.6156 2.11874C11.5439 2.18945 11.4869 2.27371 11.448 2.36663C11.4092 2.45954 11.3892 2.55926 11.3892 2.65998C11.3892 2.7607 11.4092 2.86041 11.448 2.95333C11.4869 3.04624 11.5439 3.13051 11.6156 3.20122C11.6873 3.27193 11.7724 3.32769 11.8658 3.36524C11.9593 3.4028 12.0593 3.4214 12.16 3.41998H14.4734L10.2904 7.63486C10.2178 7.7052 10.16 7.78932 10.1203 7.88229C10.0806 7.97527 10.0598 8.07522 10.0593 8.17631C10.0587 8.27739 10.0783 8.37758 10.1169 8.471C10.1555 8.56443 10.2123 8.64922 10.2841 8.7204C10.3559 8.79158 10.4411 8.84773 10.5349 8.88556C10.6286 8.9234 10.729 8.94215 10.83 8.94072C10.9311 8.9393 11.0309 8.91772 11.1235 8.87726C11.2162 8.83681 11.2998 8.77827 11.3695 8.70509L15.58 4.46275V6.83998C15.5786 6.94069 15.5972 7.04067 15.6347 7.13413C15.6723 7.22759 15.728 7.31265 15.7987 7.38437C15.8694 7.45609 15.9537 7.51304 16.0466 7.55191C16.1395 7.59078 16.2393 7.6108 16.34 7.6108C16.4407 7.6108 16.5404 7.59078 16.6333 7.55191C16.7262 7.51304 16.8105 7.45609 16.8812 7.38437C16.9519 7.31265 17.0077 7.22759 17.0452 7.13413C17.0828 7.04067 17.1014 6.94069 17.1 6.83998V1.89998H12.16ZM8.1581 10.0626C7.96071 10.0677 7.77306 10.1494 7.63486 10.2904L3.41998 14.4734V12.16C3.4214 12.0593 3.4028 11.9593 3.36524 11.8658C3.32769 11.7724 3.27193 11.6873 3.20122 11.6156C3.13051 11.5439 3.04624 11.4869 2.95333 11.448C2.86041 11.4092 2.7607 11.3892 2.65998 11.3892C2.55926 11.3892 2.45954 11.4092 2.36663 11.448C2.27371 11.4869 2.18945 11.5439 2.11874 11.6156C2.04802 11.6873 1.99227 11.7724 1.95471 11.8658C1.91716 11.9593 1.89855 12.0593 1.89998 12.16V17.1H6.83998C6.94069 17.1014 7.04067 17.0828 7.13413 17.0452C7.22759 17.0077 7.31265 16.9519 7.38437 16.8812C7.45609 16.8105 7.51304 16.7262 7.55191 16.6333C7.59078 16.5404 7.6108 16.4407 7.6108 16.34C7.6108 16.2393 7.59078 16.1395 7.55191 16.0466C7.51304 15.9537 7.45609 15.8694 7.38437 15.7987C7.31265 15.728 7.22759 15.6723 7.13413 15.6347C7.04067 15.5972 6.94069 15.5786 6.83998 15.58H4.46275L8.70509 11.3695C8.81536 11.2632 8.89092 11.1261 8.9219 10.9761C8.95287 10.8261 8.93781 10.6702 8.87868 10.5289C8.81954 10.3877 8.71911 10.2675 8.59052 10.1843C8.46194 10.1011 8.31122 10.0586 8.1581 10.0626ZM10.8218 10.0626C10.6707 10.0627 10.523 10.108 10.3978 10.1925C10.2725 10.277 10.1752 10.3969 10.1184 10.537C10.0616 10.677 10.0478 10.8308 10.0789 10.9787C10.1099 11.1266 10.1843 11.2619 10.2926 11.3673L14.5053 15.58H12.16C12.0593 15.5786 11.9593 15.5972 11.8658 15.6347C11.7724 15.6723 11.6873 15.728 11.6156 15.7987C11.5439 15.8694 11.4869 15.9537 11.448 16.0466C11.4092 16.1395 11.3892 16.2393 11.3892 16.34C11.3892 16.4407 11.4092 16.5404 11.448 16.6333C11.4869 16.7262 11.5439 16.8105 11.6156 16.8812C11.6873 16.9519 11.7724 17.0077 11.8658 17.0452C11.9593 17.0828 12.0593 17.1014 12.16 17.1H17.1V12.16C17.1014 12.0593 17.0828 11.9593 17.0452 11.8658C17.0077 11.7724 16.9519 11.6873 16.8812 11.6156C16.8105 11.5439 16.7262 11.4869 16.6333 11.448C16.5404 11.4092 16.4407 11.3892 16.34 11.3892C16.2393 11.3892 16.1395 11.4092 16.0466 11.448C15.9537 11.4869 15.8694 11.5439 15.7987 11.6156C15.728 11.6873 15.6723 11.7724 15.6347 11.8658C15.5972 11.9593 15.5786 12.0593 15.58 12.16V14.5053L11.3673 10.2926C11.2964 10.2197 11.2116 10.1618 11.1179 10.1223C11.0242 10.0828 10.9235 10.0625 10.8218 10.0626Z" fill="white" />
</symbol>
<svg id = "people" viewBox="0 0 21 21" fill="none">
  <path d="M11.3006 2.09998C7.57641 2.09998 6.19336 4.97763 7.25812 7.4156C7.12523 7.50419 6.91195 7.78146 6.95625 8.26873C7.04484 9.15466 7.44352 9.3663 7.665 9.4106C7.75359 10.2522 8.2868 11.2333 8.59688 11.3662C8.59688 11.9421 8.58867 12.4244 8.54437 13.0462C7.86516 14.8296 3.52406 14.4161 2.96625 17.6137C2.94164 17.7532 3.08602 18.06 3.37312 18.06H17.64C18.0666 18.06 18.0584 17.745 18.0337 17.6006C17.4661 14.4161 13.1348 14.8279 12.4556 13.0462C12.4113 12.3801 12.4031 11.9421 12.4031 11.3662C12.7132 11.2333 13.207 10.2079 13.2956 9.4106C13.5171 9.4106 13.8715 9.14318 14.0044 8.2556C14.0487 7.76833 13.8666 7.4599 13.6894 7.4156C14.3981 6.52966 14.2702 2.9006 11.655 2.9006L11.3006 2.09998ZM6.36562 4.19998C3.5618 4.24755 2.33297 6.4788 3.17625 8.38685C3.08602 8.43115 2.90883 8.66576 2.95312 9.06935C3.04336 9.78794 3.31078 9.96185 3.49125 9.96185C3.57984 10.6345 3.97687 11.3892 4.2 11.5237C4.2 11.9716 4.20492 11.9585 4.16062 12.495C3.79641 13.6434 0 13.5581 0 16.38C0 16.38 0 16.8 0.42 16.8H2.32312C2.96461 14.9854 4.70859 14.2865 6.02437 13.7681C6.74953 13.4826 7.49273 13.1939 7.7175 12.8362C7.74211 12.4458 7.75523 12.1144 7.75687 11.7469C7.3582 11.2908 7.06125 10.5804 6.91687 9.97498C6.57562 9.72232 6.20648 9.23669 6.11625 8.33435C6.07687 7.90615 6.16711 7.55013 6.31312 7.27123C5.98008 6.23599 6.00141 5.15482 6.36562 4.19998ZM15.96 4.19998C15.558 4.19998 15.0839 4.23279 14.6344 4.30498C14.9707 5.29099 14.9838 6.46896 14.6869 7.3106C14.8181 7.59935 14.8788 7.95044 14.8444 8.33435L14.8312 8.3606V8.38685C14.7066 9.21208 14.403 9.71412 14.0437 9.9881C13.9076 10.5558 13.6303 11.2727 13.2431 11.7337C13.2448 12.0947 13.2579 12.4195 13.2825 12.8362C13.5073 13.1939 14.2521 13.4826 14.9756 13.7681C16.2898 14.2849 18.0337 14.9854 18.6769 16.8H20.58C21 16.8 21 16.3931 21 16.3931C21.0016 13.1447 17.4054 13.9141 16.8656 12.4293C16.8197 11.9339 16.8131 11.9798 16.8131 11.4844C17.0379 11.3498 17.4513 10.5935 17.4956 9.96185C17.6761 9.96185 17.9435 9.77646 18.0337 9.05623C18.078 8.69693 17.9452 8.43115 17.8106 8.38685C18.352 7.66662 18.2634 4.82998 16.2356 4.82998L15.96 4.19998Z" fill="white" />
</svg>
</svg>